1 5 10062 7108 1047 12095 10080 
1 2 7097 13143 
1 5 7097 9999 4631 4619 15630 
1 9 15630 15582 7167 10462 10446 7568 12012 10364 9958 
1 6 9958 7656 9995 7085 7025 12055 
1 3 12055 15588 1029 
1 5 12055 9956 12015 4037 1069 
1 6 1069 12045 4071 7089 4157 10000 
1 6 1069 7189 11962 10003 10022 4032 
1 5 10003 11996 9969 4137 10068 
1 3 10068 11761 9843 
1 5 9843 6904 10397 828 12432 
1 4 12432 10507 10424 4525 
1 5 4032 7109 12026 4140 9843 
1 7 4032 4190 4058 4144 7092 1139 9958 
1 4 9958 1004 11931 6932 
1 5 4032 7000 4093 12078 12344 
1 3 6932 12713 7301 
1 6 7014 12076 4042 7191 11991 1096 
1 5 7014 12052 10076 11982 11913 
1 7 11913 1146 10008 1001 1161 11973 12055 
1 6 10068 12043 1052 3900 11886 9835 
1 2 9835 934 
1 4 964 892 987 11771 
1 4 9835 11815 6951 11771 
1 2 930 1499 
2 4 12412 7582 4506 13663 
2 6 13663 4876 7894 13669 4745 7743 
1 7 12412 9782 7591 10376 3791 9766 783 
1 2 13663 12485 
1 3 12412 7526 7897 
2 5 6981 3839 3895 9885 11771 
1 4 11771 11808 916 4642 
1 3 930 4642 4572 
1 3 4572 1567 7663 
1 4 4572 11744 7652 12412 
1 3 964 11764 9835 
1 4 964 3783 6851 1150 
1 2 14164 14183 
1 3 12766 5091 14171 
1 5 14223 8036 12714 7980 14158 
1 2 9983 1149 
1 3 1149 1189 12039 
1 2 1149 4194 
1 2 11954 4063 
1 2 11954 4120 
2 6 1145 9964 14531 1013 11923 4150 
2 6 1145 7033 14528 14522 14538 14525 
2 4 7081 14525 1058 13982 
2 5 14210 14244 14248 14243 14535 
1 3 13982 14236 14244 
2 3 1160 14535 14525 
1 5 14214 11921 14231 14246 14210 
1 5 14231 14229 14222 14224 14217 
1 3 14214 4129 14206 
1 3 14214 14216 14217 
2 2 14248 14250 
2 7 14508 14422 14480 14474 14453 14431 10013 
2 4 14508 14481 4150 7132 
2 4 10013 10113 1194 9945 
2 7 10013 14459 7100 10070 7069 10023 14502 
1 6 4150 14484 14436 14409 14402 14394 
1 3 1145 14523 14510 
1 4 14525 11953 14515 14470 
1 2 10023 14524 
1 2 8113 5317 
1 4 10747 10790 13422 7936 
1 3 8252 5051 12798 
2 4 13637 7153 10009 9979 
2 4 10009 7198 6744 875 
2 4 6744 1178 7183 1048 
2 3 10009 4182 1178 
2 4 875 9891 7098 7183 
2 3 7183 4080 9815 
2 3 9891 809 931 
2 4 9815 11749 6954 931 
2 4 10009 7068 1176 747 
2 6 1176 4095 11956 4065 10109 10024 
2 5 832 11884 9889 4098 10024 
2 4 10024 1093 9903 832 
2 6 3816 813 948 9812 798 9896 
2 5 6906 9896 6817 3873 6966 
2 3 6966 3954 3816 
2 3 6966 6812 9764 
2 8 3816 6901 9813 11793 6836 9797 6865 9764 
2 3 6906 6959 11884 
1 4 9813 9840 11838 9884 
2 6 7198 10111 950 12081 9778 3953 
2 3 4095 1192 950 
2 5 9778 6832 6948 3930 931 
2 4 875 3871 3810 6948 
2 3 6866 9877 3926 
2 4 6866 9917 11756 3874 
2 3 6867 9770 938 
2 5 9767 3938 896 11820 9917 
2 4 9778 11863 6914 3938 
2 4 11863 3953 942 832 
2 3 6866 9925 931 
2 3 6914 9852 6879 
1 2 6906 3799 
2 3 11885 924 11805 
2 6 6880 3790 3866 980 970 9869 
1 3 9869 6933 3866 
1 2 9869 3846 
1 4 11805 3861 799 3798 
2 5 11885 3969 938 6818 9787 
2 5 15496 9817 15495 6924 3798 
2 3 3874 6867 874 
1 2 3892 6941 
1 2 724 6921 
2 4 15495 9787 3798 924 
2 3 9869 11768 924 
2 3 15496 6734 9689 
2 4 758 3761 11692 11677 
2 3 6734 9686 11677 
2 6 11677 729 11843 726 3729 11707 
1 5 11688 740 6756 3737 743 
2 3 9703 11684 9872 
2 6 3874 6907 918 3918 3727 11843 
2 3 9872 3920 726 
1 3 726 6746 11684 
2 3 918 794 3874 
2 5 794 9846 9827 977 9767 
1 3 9846 11825 9872 
2 3 9827 9800 3874 
2 5 3816 6878 6903 3902 11852 
2 5 11852 885 903 6936 11825 
2 4 6903 9857 3933 6756 
2 3 11852 3735 740 
1 4 11707 6749 9703 11688 
2 6 813 11766 3859 11806 9870 885 
2 3 3859 11809 9846 
2 4 9767 6993 9785 3859 
2 5 9824 9853 3946 6917 6766 
1 4 6865 11779 6931 6766 
1 3 4098 962 6959 
1 2 6933 6884 
2 5 3946 6960 9898 11877 958 
2 7 743 9710 6777 9737 11565 595 11582 
2 6 11849 958 11713 780 6784 3589 
2 6 6766 3915 9882 11699 11697 743 
2 4 780 3768 11573 9745 
2 11 3493 6688 3655 6651 3626 620 9751 11718 755 11702 6766 
2 4 11702 6775 9717 9737 
2 3 595 3598 620 
2 7 9909 13497 3928 911 11834 11849 11877 
3 9 3589 9590 641 3650 817 9642 6698 15623 678 
1 6 6960 760 6770 769 9748 9607 
2 4 3655 9629 669 3671 
1 3 620 11869 11596 
2 5 11582 6657 9631 11616 11465 
2 4 3671 9478 503 11465 
2 6 3552 6572 9525 11508 9495 15622 
2 5 11465 15622 9510 6536 542 
1 3 11508 9550 6449 
3 6 9434 11563 9578 3549 9523 11506 
3 5 11506 9534 6569 485 9434 
2 5 6449 3579 11535 6599 9578 
2 5 503 3495 3509 11463 6547 
2 4 3493 512 9725 9523 
2 6 11582 629 11596 3671 11631 3493 
1 4 9728 943 9732 9748 
2 4 553 11521 539 9550 
2 4 3671 6533 9507 9725 
1 3 6536 6548 9525 
2 7 3589 6786 11593 3594 9607 6644 3655 
1 4 769 3754 752 11718 
1 5 9748 11576 9593 6618 620 
2 3 9590 6639 11573 
2 4 6639 6666 6668 3650 
2 5 6666 9622 13550 9620 9638 
3 6 6666 11590 3612 9618 636 11601 
2 4 9600 3641 11601 663 
2 3 663 11623 661 
2 4 663 11604 9620 9618 
1 4 3662 658 661 11601 
1 3 9638 6683 9622 
2 4 6786 11716 9728 11877 
1 5 11834 11875 3961 9736 3768 
1 3 3671 3659 9631 
1 3 3495 3523 11521 
1 4 11699 3740 6759 9717 
3 6 11506 11518 9561 454 11420 485 
2 3 6569 6585 454 
3 5 11420 9500 11548 575 11483 
3 3 454 3476 11483 
3 7 11483 7712 11606 9121 15628 3560 5291 
3 5 11518 11549 13011 9472 9121 
2 3 11549 3402 3476 
2 3 3402 3447 9121 
3 9 5291 9559 11502 3629 549 9503 6529 678 9638 
3 5 11502 698 1346 9503 6712 
3 6 11506 11491 6949 3506 3669 3652 
3 6 9658 6531 3533 9490 551 6949 
2 5 3506 9644 667 9609 9607 
2 3 9644 6518 9725 
3 3 698 11516 5291 
3 3 11516 521 15623 
3 5 6531 9505 14543 15627 13011 
3 3 5291 6545 14543 
2 4 521 11642 11488 9505 
2 5 667 9625 648 3652 817 
3 3 3652 9658 6698 
2 5 9523 6547 3534 553 6599 
2 4 13011 15626 11732 9490 
2 3 11885 3926 3886 
2 4 9817 724 6941 874 
2 4 9764 854 6927 9824 
1 2 11699 9884 
2 3 931 11851 3886 
1 2 542 3552 
1 7 8034 14130 14157 14102 8021 14490 12817 
2 5 2050 14090 14106 2025 12817 
1 2 2025 14530 
1 3 14490 13214 12817 
1 5 13214 14479 14516 4972 5028 
1 3 14539 1969 13214 
1 2 14067 14068 
1 5 14067 14071 14089 14077 14070 
2 9 4948 7972 14450 12842 14465 14454 2012 10829 14136 
2 2 4948 14281 
1 6 1909 14146 14426 14423 14073 13970 
1 8 14113 14081 14096 12787 5013 14083 14123 8071 
1 2 14082 1951 
1 2 14086 14091 
1 3 2038 2094 14066 
1 2 12975 13764 
1 4 14452 3991 13074 7116 
1 2 8193 13870 
1 4 14854 12925 10968 14874 
2 6 1968 14006 13917 13931 13930 13926 
1 8 13931 4515 13933 13906 13913 13907 2024 13921 
1 5 13913 1929 13922 14788 12907 
1 3 13922 14667 10858 
1 7 10883 2073 14754 13947 6027 14784 14003 
1 2 2073 14868 
1 2 14813 14723 
1 3 8248 4051 14718 
1 2 14799 8138 
1 3 2120 13963 14597 
1 4 2120 14605 12677 13955 
1 3 14600 14657 2159 
1 8 14852 14866 14867 14881 10929 14873 14872 14597 
1 2 14866 14856 
1 2 14867 14861 
2 7 14852 10525 13918 13911 13899 13893 14708 
2 8 13939 697 13942 7872 13950 13958 13968 13926 
2 4 14852 14871 14876 13939 
1 5 12677 14019 14021 14024 14027 
2 9 12589 14566 14560 14559 14561 14575 14570 14571 14562 
1 3 14562 14564 14565 
2 6 14560 14568 12692 14583 14591 14619 
2 13 14724 10400 14694 12064 14673 14663 14661 14648 14634 14621 14606 14615 14619 
2 4 14571 4822 14590 14606 
1 4 14583 14598 14614 10415 
1 5 14619 14631 14639 14656 5203 
2 7 14619 14632 10668 14662 14674 14692 14708 
1 6 14662 14672 14682 14693 14696 10400 
2 5 10400 14713 14714 2213 14708 
1 6 10400 14705 14701 2171 14716 8245 
1 3 14724 14719 14701 
1 2 14624 4528 
1 4 14566 14576 14584 14595 
1 4 14621 14623 14601 14590 
1 4 14562 4696 14574 4822 
1 6 14601 14589 14579 14569 14577 14574 
1 3 14589 4584 14603 
1 2 14579 14587 
1 3 14689 14691 14698 
1 11 5203 14652 14689 14709 14743 7605 14768 14786 14783 14780 14773 
1 4 14786 9977 14804 14810 
1 2 14558 12589 
1 2 14566 14572 
1 5 14676 8178 14644 1468 14608 
2 6 10668 14649 14648 14645 14654 14665 
1 3 14623 14635 14648 
1 4 14636 14630 14617 14609 
2 6 1468 14636 14646 14655 14658 14665 
1 5 14646 14669 1494 14700 14701 
1 3 14727 2171 14700 
2 5 14705 14685 14683 14665 12064 
1 3 14655 14690 14700 
1 5 14724 14733 14756 14762 14771 
1 5 14716 14739 14763 1688 14762 
1 3 14693 14695 14692 
1 9 2196 13807 8205 13808 13810 13813 5180 13816 8144 
1 5 5180 13821 13831 13830 13838 
1 2 13810 13818 
1 4 13822 13823 13836 14893 
2 11 5210 14893 14900 5196 1939 14848 13073 4117 12929 12989 13878 
1 2 12929 1140 
1 2 14848 5160 
1 8 12725 2003 1174 14251 2046 7989 10836 8105 
1 7 2046 12881 13888 10743 1037 12806 11969 
1 8 11969 1105 14192 12862 2088 3987 7066 1174 
1 4 11935 14242 10795 11969 
2 7 4076 7164 3996 4055 12004 7011 10005 
2 12 11999 1064 12071 1151 10028 12044 11974 7144 10031 1068 4055 10073 
2 3 7011 12049 4073 
2 3 7164 10073 10005 
1 5 4076 4145 1071 11910 10061 
1 4 14702 5128 5106 14753 
1 2 5106 14018 
3 5 9559 9575 11435 11470 11494 
3 6 587 15187 11494 3423 11560 3558 
2 6 3547 587 3444 11042 15189 3512 
4 5 587 6570 15188 15644 3512 
3 9 9638 13583 6712 6542 3530 6568 13593 589 6488 
2 3 6570 529 6444 
3 3 6488 6594 15185 
3 10 6488 15091 11445 9524 3500 6524 6192 6501 6487 6582 
2 5 9524 564 11533 3524 6488 
3 3 15185 9557 2101 
3 3 2101 9572 11544 
3 3 11544 15596 9545 
3 6 15593 708 15592 692 9652 707 
3 5 9681 9515 3299 571 11544 
3 3 9545 6555 9517 
3 4 15593 11499 519 9517 
3 4 692 11653 6725 9515 
2 3 11499 3690 9655 
2 4 15178 11638 6693 692 
2 2 6693 15592 
2 4 3679 694 11486 6542 
3 3 9517 13567 3530 
2 5 9557 13612 6581 13568 6568 
2 2 13567 13568 
2 4 694 15179 13563 9517 
2 3 3629 11531 9575 
2 3 3444 9522 3547 
2 4 11531 563 3558 6568 
2 3 11531 7448 3423 
2 4 3423 11547 3558 549 
2 3 9559 6583 11435 
3 3 6488 6444 11560 
2 3 529 9486 3524 
4 16 15644 6469 15643 495 9443 9509 405 6377 526 9375 9238 11359 9456 3499 6521 11505 
3 4 9524 6513 11493 6377 
2 3 9456 3522 9238 
4 8 11505 9428 15505 6582 3535 9497 9441 15451 
4 2 9428 6521 
3 2 3535 6501 
4 4 6559 15465 11481 3535 
4 5 6559 514 6441 478 9428 
3 3 15465 9471 9441 
3 10 6559 573 3514 11517 6534 3545 9570 15126 9511 9457 
2 4 9457 11467 6464 13553 
2 5 9570 3510 10207 3460 6558 
3 12 11505 15190 9496 3473 444 3384 3532 6558 17 15192 3381 243 
3 9 444 11478 388 6177 11232 279 334 389 362 
3 4 11505 11444 3207 6282 
2 3 243 9230 11232 
1 6 17 9532 11558 479 506 11467 
3 4 6534 6595 3572 9496 
1 6 9457 6512 3485 15444 12871 11517 
1 3 3485 15316 3545 
1 3 3460 9470 6595 
1 3 3384 3438 3572 
1 3 15126 6462 11558 
1 2 6558 6177 
2 5 6282 6390 6236 11478 3532 
1 4 6390 6309 9277 9361 
1 4 9327 15198 348 3288 
2 10 15195 11386 266 9398 6375 15193 6347 15191 3295 243 
1 2 266 9327 
2 2 3380 15191 
1 2 11372 9361 
2 5 3207 3312 349 3340 9388 
2 5 6521 3367 268 293 321 
4 6 6521 375 11219 9294 9320 9347 
2 2 11359 11219 
3 3 526 6218 6298 
3 4 6377 6263 6349 3326 
2 4 11359 9264 6298 12393 
2 4 6349 6325 12393 9347 
1 2 6349 374 
2 3 9320 6257 6389 
2 3 9347 3368 6257 
2 3 6257 317 11366 
1 3 3368 3231 15180 
2 2 9320 11331 
2 6 6513 3561 425 2017 6487 3522 
2 4 3522 11468 11402 11493 
2 2 11402 526 
1 2 6524 425 
2 5 6501 538 3474 9416 11544 
3 6 15451 11404 586 3571 15595 9515 
3 2 571 586 
2 2 11404 9416 
2 3 3474 15455 3500 
2 4 15185 6421 13116 3500 
2 3 15185 11417 11445 
1 2 9416 6421 
1 3 3572 11415 478 
2 3 11517 9535 6441 
1 3 11445 6549 3524 
2 4 6570 9482 3398 3524 
2 4 11493 3395 9547 9443 
2 2 564 9547 
3 3 15188 15642 15643 
3 2 3075 15642 
3 3 3398 3075 495 
3 5 15451 6470 424 9555 6418 
2 6 6470 3585 3418 11432 469 6559 
2 3 469 11401 11517 
3 4 6418 11542 6440 11432 
3 5 543 11556 9541 9421 6418 
2 5 692 3705 561 11529 11544 
1 4 708 6540 15594 15596 
1 2 11529 15594 
2 4 6469 6622 6535 9443 
2 3 6535 11388 405 
2 4 11388 3234 3271 3326 
1 4 3326 309 241 11360 
2 5 336 11264 11233 10789 6535 
2 2 11388 11233 
2 5 11233 9281 9403 6241 11456 
1 3 15178 9655 3679 
1 4 3679 11640 3692 6712 
1 4 9555 6592 9541 5283 
1 4 15595 11497 7857 6592 
3 4 543 6552 704 11666 
3 3 9665 3703 9681 
3 4 3703 6708 688 707 
1 3 9665 732 5283 
3 3 704 11651 9665 
2 4 11525 569 494 9429 
2 3 9429 9414 11401 
3 7 11542 9429 583 421 3553 3569 11511 
2 3 11556 9569 11542 
1 3 421 6485 6512 
3 6 3718 11511 6562 3583 9567 13553 
2 3 3569 557 3718 
3 3 11666 6739 3718 
2 3 11666 9527 11525 
1 3 3569 15450 569 
1 2 569 11556 
1 3 6562 3414 6485 
1 3 583 3462 9414 
3 11 11666 3700 9692 3716 11679 9690 9660 11625 6670 9621 3617 
2 8 9660 684 6700 6643 11787 9606 3649 11657 
2 8 684 15650 699 11659 6735 15652 9706 11691 
1 3 9425 11550 577 
3 3 13553 9412 9427 
1 3 9425 6571 3548 
2 5 9660 11663 9676 6720 3700 
2 6 9660 6703 682 3670 6672 3654 
2 9 11666 6690 9648 9679 653 6673 668 11612 15182 
2 4 3654 13594 13575 9648 
1 3 3654 9646 6673 
1 3 3670 3683 6720 
1 3 11666 9661 686 
1 2 11630 13594 
1 4 11630 11627 686 6720 
2 8 6604 6586 3565 11520 6751 3731 716 9660 
2 5 3654 596 15347 9596 3631 
2 6 3631 15373 599 6626 13582 15182 
1 3 6586 6573 6751 
2 5 3716 541 3484 9551 13553 
1 3 3484 6576 11511 
1 4 6751 9537 6561 9690 
1 5 9537 555 3537 11539 9551 
1 4 6573 3550 581 11539 
1 4 11413 417 3581 6573 
2 11 9427 11413 442 6499 6522 9468 11479 491 3483 438 462 
1 4 491 9454 6557 11543 
1 3 6586 11691 3548 
1 5 11691 11536 6431 6483 11479 
2 4 6604 466 3434 6522 
1 3 6522 11507 442 
1 3 11550 11411 11479 
1 3 577 3562 438 
2 9 3670 6685 11610 9643 9608 15341 11577 11580 3617 
1 3 9643 3680 6703 
1 8 15650 11646 9656 6682 6697 9640 11622 676 
2 3 9621 3623 15341 
1 5 676 3694 6711 3709 696 
1 4 6697 3696 696 11659 
1 5 6679 676 11639 9668 690 
1 3 9668 9685 11655 
1 6 3694 6714 11676 746 713 15652 
1 5 9606 11592 9619 3665 676 
1 8 11619 11652 11655 11672 3728 6761 9548 577 
1 3 3663 11619 690 
2 11 9635 6677 11603 9617 3663 660 3639 637 6652 3645 11657 
1 3 696 713 3548 
1 6 6706 3724 3704 9683 6727 11670 
1 4 6677 674 9651 11652 
1 4 11652 6706 9701 11655 
1 5 9701 6729 723 3741 11672 
1 5 3741 9716 11534 6584 6761 
1 2 637 11588 
1 2 3645 11605 
1 2 6652 3630 
1 3 660 3636 818 
1 2 9617 6658 
1 2 674 3663 
1 5 3728 11689 6731 9672 3694 
1 5 687 9635 657 11597 9783 
1 2 6706 6729 
1 4 6743 11686 3707 723 
1 2 11686 9683 
1 4 3707 565 6600 9576 
1 5 565 3577 414 3407 577 
1 3 6643 646 6682 
1 3 11676 9687 696 
1 3 9606 11608 9640 
2 3 9652 673 11618 
2 5 11618 13617 9630 9598 603 
1 2 9630 6675 
2 6 673 9636 6678 6680 13636 11623 
1 3 668 3673 671 
1 3 671 11615 13617 
1 4 688 3675 11634 673 
1 2 3673 3675 
2 5 3675 3674 6691 9650 11651 
2 3 9665 3684 6691 
2 2 9679 9650 
2 4 15373 11564 15338 3601 
1 3 599 11735 15183 
1 3 9596 15348 11612 
1 3 596 665 9646 
1 3 665 13210 11612 
1 6 11901 3924 3974 6611 591 3601 
1 4 15342 3596 15343 11581 
2 4 11581 3592 15342 3601 
1 3 15342 6650 9596 
1 4 11581 15345 15346 596 
1 4 11581 9611 9624 6685 
1 3 3670 15327 3654 
1 3 3617 619 3623 
2 6 15341 6647 15339 15340 624 11581 
1 4 15340 9595 3627 15341 
1 3 11610 11594 9611 
1 7 3596 6619 6983 15337 9922 9591 15339 
1 6 9922 11872 11899 15336 11741 982 
1 6 11872 6942 9894 11845 15334 6889 
1 2 9809 14552 
1 2 6643 3617 
1 4 9606 614 3614 11787 
1 3 3614 11586 11580 
1 7 11586 11583 6998 9602 9890 11887 9756 
1 2 6634 11583 
1 3 3882 3865 974 
1 2 3865 3833 
1 4 3882 11832 11857 11887 
1 2 11887 11868 
1 2 9874 3882 
1 4 6998 3984 3956 3609 
1 3 6177 9252 9277 
1 3 11233 247 309 
1 3 10789 11346 3512 
1 3 9515 3541 3705 
1 5 11659 730 15651 6716 716 
1 3 730 3730 11520 
2 2 9427 6464 
1 4 9551 11554 11398 11413 
2 4 3544 6259 6321 6347 
2 6 9427 15186 3586 3482 9400 3544 
1 5 3544 11492 548 11515 15192 
1 4 11558 9546 11428 9508 
1 3 548 6401 243 
2 5 9427 11430 3497 3458 3521 
2 4 3544 524 12562 3521 
1 3 11507 562 3497 
1 6 11507 13546 3559 9521 3521 402 
1 3 11301 11357 15195 
2 4 11301 11274 402 524 
1 4 9508 3482 6416 3458 
1 3 11430 11532 15186 
1 6 11274 13547 11385 9290 9346 15193 
1 3 524 6567 11385 
1 2 15186 506 
1 3 15186 584 11558 
2 3 3559 9452 11441 
2 5 11441 3412 474 6435 11543 
2 4 3412 9520 11528 3392 
1 3 402 9544 11466 
1 3 3392 6546 9452 
2 3 3559 6484 3521 
2 3 6484 11466 3392 
2 7 11670 9698 9714 754 9576 9435 9423 
1 4 11479 536 6580 9452 
1 3 6580 11399 3559 
1 2 6522 11399 
2 4 3392 11247 290 11301 
2 4 11301 347 400 3393 
2 7 3393 9274 15172 3320 9295 11342 233 
2 6 15197 11312 3272 6296 327 3320 
1 4 15174 15175 6229 6376 
2 5 327 9404 9357 530 6376 
1 3 530 9438 9246 
1 5 9274 6281 3254 400 11357 
1 2 6281 3272 
1 4 3393 3366 6413 15173 
1 5 3320 15173 6340 277 11370 
1 3 11342 11498 9438 
1 5 9262 6314 15176 3288 15174 
2 2 3354 9262 
1 3 6413 9236 277 
1 2 11492 9508 
1 3 3412 422 536 
2 6 11543 3511 3570 11514 11464 11490 
2 7 11528 6415 6280 11341 3759 11216 11370 
2 4 11247 3281 318 3366 
1 3 6340 11391 11342 
1 4 3556 535 6520 11543 
1 4 11341 3309 6306 3281 
1 5 277 406 9341 358 3219 
1 2 9341 11391 
1 3 6415 560 3556 
1 4 11341 9304 9359 6413 
1 3 3556 11285 11341 
1 3 462 3457 3511 
1 3 9698 741 6743 
1 3 3407 3430 462 
2 7 525 504 11490 9481 476 6429 462 
2 6 11514 6593 11477 6556 6232 3203 
2 6 11370 216 386 3350 6319 3203 
1 3 3203 9249 9288 
2 3 9288 6344 6373 
2 5 6319 6373 3378 9289 3331 
2 4 11370 294 11322 3331 
1 3 3511 3470 9493 
1 3 11477 9493 6520 
1 3 3556 215 3203 
2 5 3331 9241 11241 323 387 
3 11 3331 11220 11290 306 3362 6387 9272 11254 335 401 3327 
1 5 11241 9323 6249 6326 3219 
1 3 3331 15506 6220 
2 3 6342 15170 3354 
1 3 6376 9483 3354 
2 11 6099 9221 14905 3388 10493 9240 9340 9205 6222 6342 6376 
1 2 386 360 
2 7 9340 10323 11222 7482 310 11358 233 
1 3 3388 9501 9317 
2 5 6099 11057 11127 11426 3152 
2 4 11127 11443 4640 14016 
1 4 3388 308 6178 9079 
1 3 3152 3074 83 
1 4 11057 9079 496 3152 
1 4 14905 9485 415 6140 
1 3 308 11291 3174 
1 4 7482 3255 265 6342 
1 2 9262 3319 
1 3 6222 3525 6322 
1 4 3525 3194 3296 6322 
2 4 7482 341 9275 11259 
1 4 341 222 15171 3310 
1 4 3310 6324 11202 6140 
1 2 6326 11259 
1 4 11259 6242 11392 6324 
1 4 14905 3298 15177 11222 
1 3 3298 11302 10493 
1 3 3298 319 15171 
1 2 2052 12772 
1 2 13437 12738 
1 2 13443 2031 
1 2 13093 12823 
1 3 10886 13444 13085 
1 4 13457 12715 13462 13464 
2 3 10886 13441 13442 
1 5 2210 13514 13512 2182 5166 
1 3 12997 13296 2162 
1 2 13296 13302 
1 9 7590 12347 7546 4476 10374 7451 10498 7622 4600 
1 3 7590 1550 7546 
1 2 10484 4598 
1 2 1440 15199 
1 2 12304 12477 
1 2 7617 7630 
1 3 5131 13195 5230 
1 4 13195 13511 10952 2174 
1 3 5229 12979 2174 
1 3 2174 13508 12994 
1 3 12994 13507 8217 
1 12 12994 5171 11000 13504 5228 13502 8194 5191 650 8222 13235 12984 
1 2 650 13499 
1 5 2152 15600 15597 2194 11007 
1 4 11007 8238 8187 12964 
1 5 8187 10943 12453 10515 12351 
1 2 12364 12351 
1 7 12364 12379 4573 7621 1624 4643 1639 
1 11 12364 1555 1568 4602 12409 1639 12494 13230 13227 13229 12306 
1 4 12364 10402 12394 10418 
1 9 650 13236 8215 12970 5184 8208 10375 10390 12351 
1 3 12351 7500 8208 
1 7 7500 10985 12942 2158 10964 13500 8215 
1 6 7500 5163 13000 8255 5143 8216 
1 5 8216 13548 10965 2224 5229 
1 4 5163 2172 13239 2106 
1 2 12942 11022 
1 3 12409 10418 10375 
1 7 12494 12321 10981 13224 13226 13225 13223 
1 2 10953 13222 
1 2 12952 13217 
1 4 12984 5121 12954 5169 
1 5 10362 12496 1613 1626 4604 
1 3 1613 10502 12453 
1 4 10502 12468 12440 8187 
1 4 10362 12336 1654 12481 
1 2 10362 4457 
1 2 12853 13323 
1 2 12933 13352 
1 2 2132 2178 
1 3 5107 8179 2164 
1 5 10933 2227 5168 10939 10998 
1 3 8143 10946 4617 
1 2 5168 10967 
1 2 13261 12909 
2 8 5112 10513 10432 5172 10980 8190 12996 2153 
2 12 10513 10947 11008 2109 8239 5156 1529 1542 7581 1598 4589 4604 
1 2 2109 8181 
1 2 10447 4589 
1 3 4589 4575 8187 
2 8 10947 12972 5186 10994 13250 13251 12951 13253 
1 3 10513 10360 12438 
1 5 10360 12479 8210 2167 12923 
1 5 8190 12334 8148 12938 10931 
1 2 5172 12334 
1 3 5172 2185 8210 
1 2 2153 7589 
1 2 13397 4982 
1 3 10952 12930 5179 
1 8 1155 11979 4161 14907 4206 1201 14908 1065 
1 2 4206 1086 
1 9 1065 7170 7151 10089 11976 12101 2027 14933 10835 
1 5 7170 1074 4111 4550 1108 
1 4 4550 1056 7140 12473 
1 2 4111 792 
1 9 2089 15298 8001 10876 12046 2097 3795 14927 1600 
1 4 2089 12726 14913 7977 
1 2 2097 12855 
1 4 2097 14918 14917 8123 
1 3 4660 4755 15591 
1 8 4660 15653 12320 3564 12441 12380 15574 1599 
1 3 15653 1636 15158 
1 2 10163 3833 
2 9 4109 1109 976 14374 863 6930 3844 10163 11818 
1 5 4109 3988 7096 7211 4193 
1 5 7096 4078 11965 1173 4193 
1 3 14365 863 11786 
1 2 3973 6930 
1 7 11818 3526 6990 9791 11774 11905 13633 
1 8 13633 9862 6923 6982 3971 949 935 11868 
1 3 6857 13635 949 
1 9 949 965 793 3796 9610 6842 9769 649 9783 
1 3 6842 9612 6658 
1 6 9902 9888 6967 6814 6952 6923 
1 2 9862 6814 
1 4 3630 9771 11754 793 
1 2 649 9612 
1 2 6814 6842 
1 6 13633 3893 6895 922 15323 9833 
1 11 12505 15201 7758 15208 15209 12698 15211 7788 12680 15207 15205 
1 4 3379 3329 276 385 
1 3 11257 337 385 
2 9 3379 3242 3359 11293 7377 285 11237 9284 7394 
1 3 6313 9310 11237 
1 3 6313 13622 11334 
1 3 13622 3396 9303 
1 3 3396 11287 9255 
1 4 11287 11238 11371 11257 
1 3 6313 6289 9284 
1 2 6289 6405 
1 4 11293 3342 303 11287 
1 2 6313 303 
1 2 285 3342 
1 3 3359 11303 11257 
1 3 303 369 11303 
1 2 3242 385 
1 2 7394 9405 
4 4 6526 540 3422 6489 
4 7 540 3463 9484 6351 11471 9239 6103 
4 4 9458 15329 11333 6103 
3 2 3422 9484 
4 3 3501 13070 11333 
4 2 11446 15329 
4 2 15329 11471 
3 6 9484 3369 6378 377 407 11361 
2 4 3463 9562 11406 6526 
3 2 6489 6351 
4 5 6489 9458 15328 11446 3501 
4 8 9239 6270 9297 11345 15333 3205 6384 6335 
3 5 6103 11374 221 271 322 
3 5 271 15330 11253 11221 6103 
4 7 11221 507 9268 11279 11382 9315 9379 
3 6 11253 15331 9322 3353 9250 9269 
2 4 322 15332 3287 11253 
4 5 11297 9269 9379 6318 6384 
3 2 9250 11382 
3 3 15331 296 11279 
3 3 3205 6318 6237 
3 2 11279 11345 
3 3 11471 6221 3369 
3 3 6221 7239 11345 
2 5 3205 3301 6301 3241 6378 
1 3 3205 9364 6363 
1 5 11361 3274 15200 311 3301 
2 3 407 253 6301 
2 2 7239 3241 
2 3 9379 6268 6335 
3 11 9269 9332 11270 351 11299 11378 9383 9392 15363 3273 6395 
3 7 6335 6399 219 15362 11218 6320 3273 
1 5 11218 9350 6350 9237 6395 
3 3 351 9285 219 
2 2 6399 11270 
2 3 11297 11317 11270 
3 3 9322 364 11382 
2 2 15362 9383 
2 6 15363 6300 15364 3150 11136 200 
1 4 3273 6385 11161 11266 
1 5 6046 9075 9161 11207 200 
1 3 15364 11306 9075 
1 5 11064 3159 6104 6046 3178 
3 3 15333 6237 11382 
3 5 11606 9536 14544 11519 11562 
3 5 14544 516 6598 11419 3262 
2 4 3547 3488 6537 11519 
3 5 6598 6560 14546 6446 575 
1 2 6598 480 
3 3 516 3576 14546 
3 3 11483 3516 3576 
2 4 6583 9418 9444 14544 
1 2 9444 6537 
3 4 11519 14545 13068 6598 
2 3 14545 9574 11562 
2 3 14544 13081 9121 
2 3 9574 6496 11456 
3 5 11562 14547 11456 9498 3262 
3 4 9498 3211 68 391 
2 3 68 13681 3314 
3 3 3211 13544 6241 
2 2 6496 3262 
1 4 336 11318 9335 6336 
1 3 9403 9309 11318 
1 3 6241 6286 9309 
3 3 3512 9363 6241 
3 3 11456 13544 391 
1 3 11251 332 15180 
1 5 332 399 3206 6235 394 
2 5 11366 11251 3277 6364 6235 
1 2 3277 399 
2 3 3260 6393 6287 
1 2 6393 3305 
1 2 3325 3374 
1 4 525 3543 441 11477 
3 19 525 11557 6458 11489 11425 9477 6565 11553 6330 3306 3335 6252 11284 11235 11300 3263 3327 3391 6414 
3 17 418 9449 3492 558 3580 11244 11310 9355 9411 11242 3292 6262 6396 6290 6348 6414 6380 
2 5 9477 6508 9506 546 9288 
1 3 6458 6532 3568 
1 6 9698 11703 11546 11683 3755 11715 
1 4 11715 11561 574 11546 
1 3 11546 3403 6451 
2 10 504 9465 11438 458 488 3468 6451 6423 11437 453 
1 6 11703 3575 6597 409 3452 488 
1 3 488 9491 3584 
2 9 11557 9543 3584 6605 559 11504 3557 11397 418 
1 5 11397 501 3520 522 9477 
1 3 6605 463 11425 
1 4 9481 6480 9451 9435 
1 3 9451 11409 6597 
1 3 11438 11424 9451 
1 3 6597 3757 9576 
2 9 3686 6704 6724 3722 6771 11700 6596 11405 453 
1 2 3722 568 
1 4 11405 11422 9419 11561 
1 2 9419 6423 
1 4 6451 6478 6495 559 
2 5 453 11452 3508 3531 418 
1 4 3508 6578 511 11504 
1 4 11437 9463 9479 6578 
2 8 453 486 3466 6474 6505 9446 9430 9417 
1 3 6474 3421 6420 
1 5 6474 6776 429 3767 6596 
1 3 429 472 486 
1 4 9680 9677 9718 3722 
1 2 6704 705 
1 2 429 9571 
1 4 9446 9461 11450 11459 
2 8 11668 3760 3734 6768 6781 3587 585 9417 
1 5 3734 3752 765 9744 585 
2 6 6505 3479 3491 9531 6554 418 
2 8 418 9556 3409 11541 6432 473 9552 3527 
1 3 3491 6530 3508 
2 18 6781 9742 735 9694 11678 731 6718 6733 6702 11632 3672 6689 3668 4463 7624 4458 7495 7661 
2 13 3653 772 3658 6671 1599 12309 15661 15658 15657 4477 4614 1536 7661 
1 4 3672 9628 9647 6733 
1 3 9742 9709 6768 
1 4 717 3717 6738 735 
1 6 9742 9688 748 3748 11694 9722 
1 2 772 672 
1 2 12309 4605 
1 3 1536 15655 11704 
1 3 15158 4583 11880 
1 3 789 6991 6976 
1 4 12441 10472 15665 789 
1 17 12473 3889 806 11746 10056 9763 6807 7143 6894 940 11860 3876 9878 3983 3856 11831 3951 
1 4 3951 3786 11811 11829 
1 9 3951 6808 3907 11784 11747 804 3862 3807 921 
1 3 11881 9900 933 
1 5 9878 11796 3927 928 4112 
1 4 928 9921 11778 6912 
1 6 4112 7130 9929 10041 11907 784 
1 14 757 9753 6620 11429 9455 6486 6516 6541 3517 11395 11460 9432 11523 3578 
2 9 9417 11418 11459 3519 3540 6591 11412 11475 3527 
1 5 9461 9476 523 11487 11541 
1 10 3529 498 11447 9459 11400 6468 9415 3779 775 6781 
1 5 9415 3417 6417 426 585 
1 7 3529 9504 3505 3489 509 484 11459 
1 7 3529 3582 579 487 9502 11512 3566 
2 7 3527 6553 6428 3566 6587 3465 3304 
1 6 3566 11436 9312 11323 9367 9394 
2 6 3527 413 6341 6369 9394 6230 
2 8 9394 9245 11381 11351 340 367 3332 3304 
1 4 3465 9422 471 340 
1 6 3465 11408 11551 6563 3518 6506 
2 6 3578 6450 11449 9352 6328 3304 
2 5 3304 6353 6382 9409 9258 
1 2 6553 3504 
1 7 6432 11439 11500 6577 3554 457 3580 
2 6 3554 3291 356 3346 6398 6230 
1 3 413 6477 3291 
1 4 356 328 11337 11310 
2 9 6230 6279 3356 11248 11379 11268 9282 9348 6414 
1 4 6262 6315 3250 6279 
1 4 6430 9447 499 11460 
1 7 9432 9577 452 9473 410 3404 11537 
1 2 452 9337 
1 4 3760 11729 6755 3752 
1 2 765 6783 
1 2 731 6750 
2 13 11259 9386 387 11234 9287 3235 6264 11349 11326 366 9302 11282 6380 
3 17 6380 3259 344 9256 6245 3215 11315 2999 187 9111 6086 6035 3072 79 6174 3151 3147 
2 10 387 207 9331 11304 9319 3089 11072 11139 6197 79 
1 3 320 11304 11392 
2 7 14016 126 3120 181 9098 11080 6174 
1 4 11202 9408 9120 14016 
1 5 11202 11097 3053 6139 9098 
1 3 11139 117 3072 
1 4 9272 3279 6303 11349 
1 2 3362 6273 
1 4 306 3247 11353 11241 
1 3 11349 9343 3215 
1 6 2999 9333 3321 8 6225 320 
1 4 117 9234 6194 320 
1 3 11139 11032 9098 
1 4 6264 9265 226 11315 
1 8 9288 9342 11298 11325 371 398 3390 3335 
1 6 315 11325 9396 9247 289 6354 
1 4 9342 11229 6589 238 
1 6 398 236 3278 9351 223 306 
1 3 11300 11369 11254 
1 6 11284 9301 352 6243 3297 306 
1 3 3520 11526 3580 
1 5 11526 580 6304 6386 3306 
1 4 9355 9384 6411 3335 
1 4 11242 300 6365 11284 
1 5 6262 11347 3236 382 11300 
2 35 9258 11269 11240 257 3196 3246 6394 9365 9243 11225 11377 3216 3357 3330 6379 10299 12128 4322 7438 7370 10253 12294 1314 4227 7354 7243 7600 7657 12329 4488 12397 4686 1459 10601 11687 
1 6 9409 11393 11364 208 380 3196 
1 5 11449 11308 353 3477 326 
2 12 11377 11256 3265 4324 12172 3289 273 1278 10142 10329 1334 12157 
1 5 12157 1233 12287 10133 1821 
1 4 4261 1210 12298 12128 
1 4 10284 12229 7285 12157 
1 4 7285 7401 7328 10256 
1 28 3151 149 11068 9197 70 11059 9190 6057 3084 11159 9118 3033 11092 155 11175 6021 94 9195 3189 86 3008 9162 3121 6181 178 11031 6157 3134 
1 13 70 11174 3140 172 9107 3163 11083 81 9207 11189 9131 2996 11143 
1 14 11068 9164 6095 3110 9060 194 9153 11084 3143 6203 9144 11236 6283 3259 
2 21 6380 9378 9278 6356 9345 11205 121 9122 11099 9168 11143 143 3135 9200 11075 9180 3167 6089 9065 9214 6124 
1 2 9168 2996 
1 9 9131 9199 3157 6075 9187 3130 11171 312 3338 
1 5 6356 3240 346 6247 6135 
2 10 6380 301 11362 9356 378 280 3370 3268 6295 9389 
2 10 301 3290 9235 11217 214 3202 6231 9360 6299 9389 
1 9 121 6101 11039 9144 6122 6022 3176 3101 187 
1 2 3143 3035 
1 2 3116 3190 
1 4 6247 3116 3220 121 
1 3 280 6269 6247 
1 9 9389 9291 11340 3245 6149 9172 9050 6191 9214 
1 7 6299 11344 11394 11324 6391 9286 9258 
2 24 6299 3303 6327 9325 3383 3282 9259 3315 6338 260 404 3394 3294 11320 6217 12244 206 1380 10286 10314 361 3280 7320 10133 
1 9 11324 11262 3371 9276 6284 3257 9376 269 11248 
1 7 6284 11363 275 11258 314 9273 6279 
1 6 275 6329 9324 6291 6248 9258 
1 3 11379 283 214 
1 3 214 9311 378 
1 3 6231 11295 3370 
1 4 356 384 212 6315 
1 3 212 261 11242 
1 8 6124 6171 9114 154 6133 11110 9124 9213 
1 6 6391 345 3197 6312 9373 9259 
1 14 257 286 6337 392 3382 11273 292 9401 11281 6352 403 6308 9349 273 
1 2 9146 6171 
2 14 6124 272 359 3363 6288 12203 7346 11352 7375 11228 237 4758 12567 1821 
1 7 12567 4758 7228 11307 278 1754 7375 
1 3 278 12527 12187 
1 3 11307 10716 10648 
2 12 1821 9553 1543 10189 4824 7846 9512 10670 4780 7800 1709 10696 
2 10 1709 10568 7874 1694 1294 1775 1292 1327 9292 12157 
1 3 12102 307 1543 
1 4 9553 1808 99 7228 
1 4 1808 1750 12696 4813 
1 6 1591 4224 12583 7706 12640 4686 
1 2 10187 11687 
1 12 11687 4629 7775 10671 8099 1573 9605 10742 4482 7560 15153 15151 
1 9 15151 7491 15141 15146 15154 10359 15161 15165 7477 
1 2 15153 15155 
1 7 10584 12594 11410 1794 1297 10652 4866 
2 31 10696 12546 12679 1733 1860 7825 4866 7757 12631 7886 7815 4724 12691 12621 1876 7841 4750 10664 4815 12540 4797 4837 10528 7816 1696 4705 1672 7786 4677 4719 7743 
1 2 10652 12515 
1 3 7757 4789 7789 
1 3 7815 10712 10580 
2 17 1672 12641 10574 12556 4832 12543 7851 10678 12657 7763 4725 10655 7801 12678 7672 4805 12189 
2 9 12189 10466 11643 6686 664 6684 11750 6989 957 
1 2 957 6961 
1 3 957 3977 783 
1 2 12446 1322 
2 14 3147 3060 9100 9206 6186 3061 3161 204 6009 6144 11105 6108 9194 3083 
1 7 3061 9183 165 11043 11141 9104 3125 
1 8 6144 9167 3137 6047 6138 9038 6013 3122 
1 5 3083 9094 11172 11066 9167 
1 2 6013 11126 
1 4 3137 3025 3009 3117 
1 5 11043 9163 9056 9160 6047 
1 11 9038 63 3172 66 195 11121 158 11081 11164 11125 124 
1 5 9104 11199 132 6081 195 
1 5 3151 9099 9150 9105 9100 
1 7 9105 3050 6150 3187 3133 11046 6153 
1 6 11141 6033 37 3131 139 3050 
1 6 3185 6210 9181 9061 3030 3187 
1 2 9056 6141 
2 13 13442 12753 13448 10889 13456 12810 13458 1965 7913 2011 2008 13463 13089 
1 3 13089 2051 8032 
1 5 1965 13454 12755 4887 13463 
2 8 10830 10916 8003 10853 13475 13468 10172 13463 
1 5 8097 13488 12827 13481 10830 
1 2 10830 12897 
1 4 8003 7973 13477 12835 
2 3 12835 13479 12811 
1 3 13471 10738 13468 
2 5 12835 12721 13471 1952 2008 
1 7 12721 13472 13088 5021 13466 4956 1952 
1 3 13451 8089 13458 
1 2 10769 2060 
1 2 10853 4946 
3 5 6710 9667 722 11695 749 
2 17 4872 1873 4875 1769 7899 4775 10718 777 602 4869 7366 9467 3640 11728 9585 6607 779 
3 3 722 9711 4753 
3 31 4872 4426 3736 11571 13094 7794 12701 4784 1299 9480 6510 6676 9634 3661 3635 3778 4270 4345 7345 4417 10320 7433 1284 12291 4305 7379 4432 1424 7304 7644 7361 
1 5 602 12582 12278 9467 6510 
2 3 3775 9583 9585 
3 7 3775 6797 9580 11567 3605 6625 4270 
1 3 3605 6630 3778 
1 9 4784 11902 7875 1764 10700 7435 9601 7291 12149 
1 3 7361 1354 4623 
1 3 7644 10244 4430 
2 4 1424 4285 4342 1282 
1 3 12149 12223 4769 
1 2 4345 9601 
1 2 7433 12149 
1 2 10718 7794 
1 2 4775 7794 
3 10 3706 7718 10552 3769 10611 12603 1788 3721 12688 4872 
2 4 1408 4428 7753 7853 
1 4 1832 7820 1262 7718 
1 6 7853 1737 10644 12571 10548 1799 
2 8 3706 4765 4877 4343 7853 1858 4413 1408 
2 6 10611 4739 9669 6726 515 7787 
1 2 3706 7787 
1 4 4739 11440 10684 3706 
2 4 7345 7289 10230 12202 
2 3 12202 10318 1282 
1 2 4833 13091 
2 5 7787 6754 1347 7761 1737 
1 3 13497 6975 3961 
2 14 9909 11891 3772 6788 6973 15369 6946 11833 13573 6875 6862 11751 15367 9904 
2 7 6788 771 9741 11730 6780 15504 9738 
2 5 6780 3782 776 607 3780 
1 4 607 6635 9587 3612 
1 4 9909 770 13580 11730 
1 3 771 11726 9165 
3 9 9924 782 6606 9752 15371 6790 15372 9165 3780 
1 3 6973 3773 6790 
1 4 6606 6985 1616 15369 
2 6 782 13561 11889 9907 13587 6946 
2 6 15367 11846 13058 923 9826 819 
1 3 923 13611 15367 
1 9 819 955 851 13066 3968 10027 3901 12066 9990 
1 6 3901 13613 9856 11837 11998 6979 
1 4 9856 6972 3958 851 
2 9 819 13602 11803 13603 883 6843 9784 15645 11998 
1 2 3958 13603 
2 9 883 6939 3966 6831 9838 12512 925 967 9924 
1 4 4159 1156 3857 10074 
1 3 4159 4014 15366 
1 4 4014 12047 13609 3857 
1 3 10074 13581 7059 
1 3 15366 1009 7147 
2 6 15367 13607 11882 13592 963 6831 
1 3 11803 3923 923 
1 6 13607 9794 13584 9750 910 13587 
1 2 9750 6875 
1 4 9794 6926 3885 13584 
1 3 3885 9879 9907 
1 3 6926 13626 925 
1 3 12512 11790 13626 
1 4 963 3910 14902 9794 
2 3 3780 9584 9600 
2 8 6606 13566 9582 3604 11584 13621 628 6626 
2 3 628 15374 3604 
2 3 3604 15647 603 
1 3 15374 15649 9598 
2 4 9752 11734 3776 603 
2 4 603 15507 11568 969 
2 4 3776 773 969 3780 
1 2 3782 611 
1 6 11773 11874 11824 9772 9863 6891 
1 2 3838 9851 
2 10 9279 6345 9362 6412 3307 383 295 11070 69 11151 
2 12 9279 11376 9300 9410 242 11311 11289 9393 11380 11082 161 6050 
1 3 11215 363 242 
1 3 3229 6148 11311 
2 28 6050 9149 6127 9117 49 11147 125 9035 6126 13618 11129 6063 11185 118 11067 6132 9220 6161 6083 9108 3104 13614 11155 3095 101 9083 6055 192 
1 6 6063 130 205 9151 11040 11147 
1 4 9149 3182 11091 9117 
1 2 205 6126 
1 5 9108 6165 6125 9147 11125 
1 7 6126 46 11052 3162 11049 3111 6038 
1 3 3022 6038 9132 
1 10 3022 9139 6118 6114 9135 11028 3021 6160 11078 6115 
2 3 6115 3171 11151 
1 8 6115 9103 144 6080 3059 9170 6145 122 
1 4 6115 14 11029 9174 
1 5 3021 6042 11113 11206 9139 
1 3 6114 3093 11100 
1 10 11082 11188 9109 9209 6188 3063 3375 3286 6331 383 
1 7 6188 6164 9054 11114 9138 179 6160 
1 3 69 6028 11114 
1 2 9300 9362 
1 4 6412 9251 6406 3286 
1 3 9251 3386 383 
1 2 242 9251 
1 3 9393 9308 9209 
1 4 11289 6397 6311 6188 
1 3 11311 9329 3286 
1 5 6050 11163 35 9185 11188 
1 5 9209 9185 6084 3141 9054 
1 5 6084 11197 156 3148 9117 
1 3 35 3106 11197 
2 13 12299 13704 4424 4412 10297 1376 1364 12215 13543 7342 1291 12144 7236 
1 2 7427 4412 
1 4 7329 1279 12131 7236 
1 3 4412 12255 4384 
1 21 7236 4371 1337 1394 12201 1281 1308 4388 12220 12122 1427 7408 10250 10221 12173 10411 10398 12345 7531 7492 1488 
1 3 10438 12195 10250 
1 2 7408 7225 
1 2 1394 1366 
1 7 1423 1396 4401 12232 10232 12204 1285 
1 2 4379 10309 
1 4 10016 11936 1185 4075 
2 4 12008 1073 12048 4119 
1 5 12008 1114 4501 7446 1319 
1 3 9948 7015 12048 
1 4 9948 4121 1469 7137 
2 2 4075 12048 
1 10 10241 4368 4350 12253 1415 10165 7323 10265 1221 12236 
1 2 12279 4228 
1 2 4269 1224 
1 2 12153 12118 
1 2 10302 7423 
1 5 7673 4652 1648 10509 7658 
1 2 12268 10322 
1 10 7381 4406 1425 7421 4434 7642 10135 12293 10491 4608 
1 2 12293 1413 
1 4 7642 7223 1386 7421 
1 4 1386 12249 7381 10279 
1 3 12472 10479 4608 
1 6 8204 2197 5195 2203 2211 8241 
1 2 2211 8232 
1 3 1801 7826 1814 
1 4 1814 4804 12617 12604 
1 8 12617 7783 1713 7887 1565 4543 10373 10334 
1 3 4718 12664 1565 
1 2 12664 12362 
1 5 12068 1091 11959 7214 7186 
1 2 898 6822 
2 19 6981 11835 912 9790 4052 10065 14273 12040 7125 14268 7204 14264 11977 14262 1081 14261 12089 4086 4056 
1 6 7125 14272 9981 848 6928 14274 
1 5 10110 12085 14260 14263 11977 
1 2 7125 7221 
4 9 4753 9724 6769 9684 695 9654 6713 9450 12357 
1 6 695 11685 6782 9747 7420 10233 
1 15 13089 13461 12746 12873 10895 13470 13473 8057 13478 1945 4977 4908 10765 13486 13490 
1 3 12835 10769 5015 
2 4 10830 2037 8097 10740 
3 4 6710 763 691 695 
1 5 9724 11669 3766 11731 10233 
3 3 11695 3763 3775 
4 11 9654 11637 689 3685 9825 6890 882 3687 6707 11654 749 
3 10 3878 6911 3806 9693 1436 9708 3747 3733 734 11654 
3 9 3878 9847 6909 11830 9832 3906 6732 3712 3732 
1 4 3732 7462 12459 10318 
1 3 12459 1338 1619 
1 5 3806 9675 4445 7629 7289 
1 5 3806 11665 10381 11662 7345 
1 3 3712 733 4445 
1 4 3732 6719 10481 7629 
1 4 3906 3710 908 3806 
1 3 6909 9850 908 
1 4 9693 9673 11660 3897 
4 21 6845 3824 822 3847 847 12405 880 11800 9808 827 6855 9775 11776 831 9796 1595 12437 4508 7626 12305 4569 
3 9 12357 9657 4166 4834 7829 4029 3699 1719 1866 
3 9 3699 10526 1760 10341 1560 11589 12312 12368 9450 
1 3 12357 12456 10341 
2 11 5205 751 4854 10599 9678 1849 7776 1734 12693 12597 1870 
1 3 12597 11667 1873 
3 5 1719 6827 6752 10618 3719 
3 8 1866 9880 10719 4880 7862 3750 4839 6722 
3 6 6722 12566 1836 4772 1752 3719 
2 3 10618 10685 3719 
3 16 1870 12685 10709 4759 7883 4863 10624 10593 1857 1854 4838 1832 1690 10327 12214 7315 
3 15 7315 7386 10271 3513 4328 4274 4347 6665 3588 768 6745 11658 9713 3678 9671 
1 3 3513 12211 10183 
3 13 4865 10662 12699 7879 4799 4657 10387 941 4518 6876 6694 6699 9713 
3 8 4865 10651 7756 7827 4736 4607 710 9713 
2 5 4736 10422 10159 766 9697 
1 5 6665 3471 11733 528 4328 
3 9 12535 1789 10556 9616 12553 7865 12183 7398 3513 
3 3 4865 10582 12535 
3 3 10582 1663 7756 
2 3 9713 9697 3588 
3 7 9814 11859 6881 986 3840 9637 9671 
2 4 1562 7517 11757 9814 
3 11 9814 10483 11795 823 7986 10783 3834 7920 5044 12791 10740 
2 2 11795 10387 
3 3 10783 853 3834 
1 3 7986 12374 1562 
2 16 4657 4727 11814 12765 6897 1972 4975 10642 12627 1809 12570 4814 12024 7892 1352 7834 
2 7 4865 4668 1756 6887 1658 10588 12627 
3 17 4865 7888 12633 12561 10640 4723 4760 3613 3855 7852 12586 10666 1770 12418 7306 10478 11589 
3 11 6722 1767 7760 1851 4741 1736 7779 6742 12676 12124 1690 
1 3 4741 4860 10593 
2 5 1767 7880 4857 12585 4741 
1 2 12585 4860 
1 3 4860 11712 1857 
1 2 4860 7779 
1 3 12535 10672 1736 
1 3 853 1793 12765 
1 3 853 8115 4727 
2 10 12024 10340 4586 12624 9908 2102 12684 4975 3883 12791 
2 4 10588 1827 3869 10640 
1 7 12570 4871 10532 1753 12513 4757 7834 
1 3 12570 12642 1827 
1 4 1827 7780 11772 4760 
1 6 11772 4830 10606 3708 10676 12586 
1 4 3855 7840 4749 4760 
1 5 4749 4794 4820 4610 7760 
1 5 10640 10711 1815 12651 1851 
1 3 12791 10914 1972 
1 4 12586 1683 12516 7840 
2 5 10666 12646 12577 7536 9880 
1 5 1747 1875 12620 12667 12577 
1 3 1683 10595 12667 
2 2 1752 10709 
1 4 7892 4811 9802 7834 
1 8 7892 4740 11802 10798 9822 11743 2082 3960 
2 11 4569 1621 1441 10370 1534 2043 1618 6803 8025 9829 10778 
3 9 10778 3960 9920 1915 12301 1998 4955 10894 10740 
1 5 2060 5061 6785 2042 12782 
1 4 2042 4884 12410 10337 
3 5 3960 10861 5022 1927 12782 
2 4 1927 12341 10504 10337 
2 3 10504 805 10778 
2 6 7552 4535 4507 12313 1500 10337 
3 6 7626 12697 720 10461 9682 9450 
3 3 4508 1655 10461 
3 9 9682 7611 10339 1527 4590 7449 10391 10717 7834 
2 4 9682 6737 10393 7539 
2 5 7539 1586 1678 9892 10666 
1 2 1770 1678 
1 3 10391 10516 1586 
2 4 4569 1523 7607 10391 
1 3 1621 12361 10717 
3 11 4569 4449 12346 7586 10477 12489 12458 7485 5001 6968 10778 
2 3 805 4577 6968 
2 3 12811 2019 12782 
2 3 12782 6987 5061 
2 4 2019 12728 5038 10894 
1 6 2082 5085 3875 12848 12893 9908 
1 3 12893 10867 12684 
1 5 11802 7762 2055 3972 12893 
1 3 3972 10702 10798 
1 3 3875 4919 10702 
1 3 1618 5103 10798 
1 2 2043 9802 
1 3 1618 1806 4811 
1 3 12489 12778 6803 
1 4 10477 4597 4567 2043 
1 2 4567 10370 
1 3 7586 12463 10370 
1 3 1534 1564 12361 
3 12 7626 7831 10586 7615 7797 7464 4510 10410 4565 4650 7524 7552 
1 5 4535 1643 1528 12401 6968 
1 4 10410 1559 7555 12401 
1 4 1559 10355 7543 12489 
1 3 7543 1503 5001 
1 3 7797 4625 10477 
3 12 7480 10520 492 7422 12735 10192 10824 12501 12670 4402 11635 12437 
3 7 7626 1604 11635 11621 1881 4527 4601 
2 4 7480 7668 4464 7524 
1 4 12735 1587 8110 4565 
1 4 4464 1615 12429 8110 
1 4 1587 10753 10615 7797 
1 3 10615 1987 10586 
1 2 12501 1987 
3 17 492 860 7583 12384 638 9949 1485 4653 10495 7138 10081 12445 9931 10412 10343 11873 873 
3 13 11975 1547 10029 7012 7134 11927 7083 7045 3925 11841 3823 873 3957 
1 5 11975 10437 7612 10492 7583 
2 4 1547 7202 10047 7134 
2 9 1843 9834 10489 866 12439 1572 12381 1480 11975 
2 4 1480 12470 12498 7583 
1 4 1547 3994 7118 638 
1 5 1572 1584 7388 12752 10489 
1 6 12381 12353 10407 10380 10352 10520 
1 3 10380 7640 12498 
1 4 1132 10051 7083 7138 
2 4 10909 1758 10281 12501 
3 8 12384 5090 10909 10657 1582 12568 1445 4601 
1 4 12384 9996 4594 12735 
1 6 10909 7791 8014 7558 1506 10343 
3 10 3957 6929 6823 9923 801 3975 7528 971 11890 4601 
4 5 3957 6984 13628 9758 6845 
1 2 9758 9786 
1 3 788 11738 11841 
1 6 7558 4627 6971 7547 4452 1445 
1 5 1506 7466 7588 10441 971 
2 2 4601 11776 
1 3 971 9760 6855 
2 4 801 3802 11789 11800 
2 3 827 6874 6890 
2 3 6855 3853 9825 
2 7 6713 9653 870 11791 11760 659 3853 
2 3 9796 9810 870 
2 4 1595 7551 4437 10461 
2 3 12437 4531 4437 
2 2 831 11791 
2 3 689 3872 11791 
3 3 11800 4442 6890 
2 5 12670 6974 12709 6696 1881 
2 2 1445 6696 
1 3 11873 951 6929 
3 4 3878 6882 11782 6845 
3 3 9864 11900 6845 
1 8 6845 11799 9820 862 3697 9836 9664 11654 
1 6 9820 3897 894 11650 3702 3747 
1 4 6882 3894 9774 9673 
1 3 11800 6705 3687 
1 3 12405 702 9836 
1 2 6929 3847 
1 4 3847 9804 6885 862 
1 3 6882 3863 11799 
3 4 10051 12054 11783 3925 
1 3 1163 4168 11783 
1 3 4653 7643 7791 
1 3 7012 7527 4653 
1 4 12418 11971 4807 1866 
1 4 1760 4664 4807 7536 
1 4 10478 9910 1831 4807 
1 4 2189 5187 12645 5181 
2 20 7798 4776 12932 12924 12910 10925 5225 8186 8220 5183 5197 12948 2191 10969 12962 10997 1526 10983 2157 1652 
1 3 1652 8228 7453 
1 3 8130 5175 10983 
1 3 10983 7608 7579 
1 3 7669 1431 12104 
1 4 7798 7811 4791 12932 
3 14 7798 12576 7755 1667 10455 10682 12435 12406 7520 7496 7664 12451 10430 7564 
1 3 10682 7859 12532 
1 6 7520 7450 1611 10458 10445 7564 
1 4 12406 1537 4500 4453 
1 4 7496 7471 4658 7649 
1 3 7664 10500 7649 
1 3 7471 4478 4500 
1 3 4500 7533 8234 
1 4 1537 10427 12377 11019 
1 4 12576 2155 2130 12924 
1 3 1667 5161 5134 
2 11 7564 7535 7522 4481 12308 7651 10475 10487 10460 4560 7566 
1 3 7566 12382 8230 
1 2 4520 7538 
1 5 7651 7666 4632 5198 12949 
1 6 10430 4530 4546 5227 11006 10941 
1 2 12451 1570 
1 2 10997 10949 
1 2 3992 1628 
2 7 4102 11949 12006 11925 4164 7110 9950 
1 4 4164 10020 4027 1025 
2 2 7110 1025 
1 5 12006 1020 7178 10092 4027 
1 3 4102 1183 12006 
2 9 10052 7050 1191 7145 1167 10055 9985 1136 11960 
3 8 11960 7072 12031 7212 11946 1092 10052 11985 
1 3 9965 4094 4179 
1 3 1133 7113 7072 
1 2 4054 11960 
2 13 11960 1067 7102 10032 10128 12007 1117 11930 4067 1063 9865 6994 9859 
3 12 11960 4142 10125 12097 7087 7157 9998 1182 1097 11908 10015 10128 
2 10 1182 993 1113 4118 1024 7169 12056 9807 11847 9859 
1 2 12056 1063 
1 3 4118 4122 1117 
1 4 10125 4069 10100 10015 
1 2 12031 10055 
1 2 10032 998 
2 7 3962 7532 10444 10512 12421 1642 4576 
1 5 10512 12493 1512 7595 1642 
1 2 12421 12352 
1 13 15311 15310 15308 15307 15309 15312 15426 5105 15432 7847 15423 15418 1971 
1 5 8022 4979 10887 12005 15436 
1 3 9084 15140 4979 
2 14 4110 15404 7084 1971 10898 10843 15424 10772 15436 2002 12868 14958 2086 15357 
1 8 3456 10108 4110 15400 1980 15018 4984 4149 
1 8 10772 12041 15144 15420 12844 15084 15356 4149 
1 5 12005 9084 15070 8007 10843 
1 7 8007 15428 10139 8106 10173 15460 8022 
2 10 15357 4825 5098 10794 11955 5157 2032 12708 12822 12005 
1 2 15432 8044 
1 4 10108 7049 10735 15418 
1 2 4110 1147 
1 6 7207 9975 15390 1103 15396 4149 
1 4 7207 15382 10118 12037 
2 7 1349 7013 4187 7150 15381 15385 9975 
2 9 15381 7165 15383 12743 15389 15401 15406 7905 15357 
1 5 15406 15409 15405 15355 4149 
1 2 15405 15356 
1 5 12844 15358 15360 7998 12868 
1 5 15401 4106 15388 12080 7205 
2 4 15350 7177 4072 7013 
2 5 15350 7430 10030 15282 15285 
1 4 15352 15384 10816 15388 
1 6 15352 15387 15354 2036 10807 7905 
2 16 1349 10270 12182 10210 12295 4291 15234 12105 4278 10208 1412 8100 8011 12734 1344 12180 
1 6 1344 7310 15229 12779 15233 10756 
1 6 8011 15227 10897 15230 4414 10756 
1 7 7244 10190 7391 12275 15223 10808 12734 
1 8 12180 10278 4420 12164 10246 12247 1409 4327 
1 3 7265 15219 1409 
1 4 4327 7402 1321 15217 
1 3 7391 7447 1238 
1 3 10246 8067 15223 
1 3 8011 15224 4344 
1 2 7310 10897 
2 18 12180 10152 1430 4321 7340 1228 4237 10255 10001 11978 12462 10116 10088 12063 4104 7220 4062 4245 
1 2 15229 10152 
1 13 7340 15245 15251 4472 15248 8087 15243 5104 1359 15249 5063 15253 12182 
1 4 10756 15235 15240 15243 
1 3 10756 10799 4278 
1 4 7260 1213 10287 10201 
1 2 10287 10229 
1 2 10287 12258 
1 2 1213 4219 
1 3 4344 15226 1412 
1 4 4321 4365 10296 15233 
1 4 15248 15244 1317 10296 
1 8 15248 11950 15259 15258 15270 10311 7060 7177 
2 11 15285 12420 10401 15287 15292 12375 7497 12307 12035 1444 7220 
1 5 15285 4883 4950 2105 15352 
1 3 15350 11993 7205 
1 2 15282 15375 
1 12 15352 4953 4410 7938 15299 2005 1569 4571 12452 15039 4204 4062 
1 3 4245 10077 4204 
1 5 10077 4644 7537 4544 4571 
1 3 15039 1637 10471 
1 3 4544 4516 1569 
2 8 15301 4299 15415 15139 9951 5002 15430 5157 
2 10 15301 7064 7334 1541 10878 10361 7475 8093 15105 4616 
1 4 4245 12050 7124 4616 
1 3 11929 9993 4616 
1 9 8093 7565 10443 10349 7455 12366 1525 12322 4983 
1 2 7565 12338 
1 5 1569 15300 10751 9973 15301 
1 3 9973 12786 2005 
1 2 9951 5098 
1 4 2036 15403 12137 4299 
1 4 12137 5086 15137 15357 
2 3 7905 15359 2086 
1 4 15409 15411 2054 15359 
1 2 14958 2032 
1 8 1525 15353 12423 15113 9993 11968 12010 9991 
2 11 1082 12464 12492 1492 12404 12449 4626 12256 1417 12127 1330 
1 4 1330 10154 12197 7382 
1 2 12197 14955 
1 3 12127 4336 1403 
1 2 1492 10386 
1 2 1492 7562 
1 10 1968 14787 14730 14789 14811 14836 14823 14611 12958 8219 
1 2 7989 13783 
1 2 5139 14255 
1 4 414 6455 9423 476 
1 3 3510 552 6534 
3 8 389 3380 6402 4949 6332 395 9327 15197 
1 4 6282 3312 3258 293 
3 3 4428 10157 7315 
1 2 7259 1214 
1 2 4305 4422 
1 3 10230 10174 7433 
1 2 4872 5119 
3 2 4759 12603 
2 5 4739 3481 12663 12593 3721 
1 4 12688 4218 12636 12593 
1 2 10031 6498 
1 3 13686 15609 10973 
1 2 6680 15178 
2 2 663 3679 
2 2 11640 13583 
