1 70 
1 94 
1 121 
1 122 
1 158 
1 200 
1 221 
1 243 
1 306 
1 310 
1 321 
1 351 
1 362 
1 377 
1 383 
1 391 
1 413 
1 418 
1 442 
1 485 
1 495 
1 512 
1 515 
1 516 
1 525 
1 540 
1 577 
1 587 
1 603 
1 620 
1 650 
1 663 
1 678 
1 689 
1 692 
1 740 
1 743 
1 747 
1 792 
1 819 
1 832 
1 853 
1 875 
1 883 
1 885 
1 898 
1 911 
1 921 
1 925 
1 940 
1 949 
1 957 
1 1025 
1 1037 
1 1047 
1 1069 
1 1086 
1 1092 
1 1117 
1 1145 
1 1149 
1 1150 
1 1155 
1 1160 
1 1182 
1 1208 
1 1319 
1 1330 
1 1349 
1 1403 
1 1408 
1 1440 
1 1468 
1 1488 
1 1492 
1 1506 
1 1550 
1 1562 
1 1573 
1 1591 
1 1595 
1 1599 
1 1639 
1 1652 
1 1690 
1 1770 
1 1778 
1 1814 
1 1821 
1 1827 
1 1866 
1 1909 
1 1939 
1 1944 
1 1965 
1 2038 
1 2050 
1 2086 
1 2089 
1 2097 
1 2109 
1 2120 
1 2152 
1 2189 
1 2196 
1 2197 
1 2210 
1 3022 
1 3083 
1 3122 
1 3134 
1 3137 
1 3151 
1 3152 
1 3174 
1 3187 
1 3273 
1 3284 
1 3288 
1 3320 
1 3325 
1 3326 
1 3335 
1 3338 
1 3369 
1 3379 
1 3392 
1 3393 
1 3456 
1 3458 
1 3501 
1 3513 
1 3522 
1 3529 
1 3535 
1 3544 
1 3547 
1 3552 
1 3559 
1 3569 
1 3578 
1 3580 
1 3589 
1 3617 
1 3652 
1 3653 
1 3663 
1 3668 
1 3671 
1 3686 
1 3706 
1 3707 
1 3719 
1 3732 
1 3734 
1 3775 
1 3778 
1 3780 
1 3816 
1 3823 
1 3834 
1 3838 
1 3874 
1 3878 
1 3882 
1 3924 
1 3957 
1 3991 
1 3992 
1 4047 
1 4052 
1 4056 
1 4073 
1 4075 
1 4076 
1 4102 
1 4106 
1 4109 
1 4111 
1 4112 
1 4119 
1 4135 
1 4159 
1 4180 
1 4206 
1 4241 
1 4245 
1 4285 
1 4299 
1 4345 
1 4379 
1 4401 
1 4464 
1 4543 
1 4569 
1 4572 
1 4608 
1 4640 
1 4641 
1 4652 
1 4705 
1 4723 
1 4724 
1 4788 
1 4797 
1 4799 
1 4801 
1 4824 
1 4854 
1 4865 
1 4866 
1 4872 
1 4908 
1 4948 
1 4975 
1 4982 
1 4987 
1 5022 
1 5029 
1 5033 
1 5091 
1 5107 
1 5112 
1 5131 
1 5139 
1 5166 
1 5168 
1 5179 
1 5210 
1 5229 
1 5230 
1 6103 
1 6124 
1 6245 
1 6262 
1 6282 
1 6287 
1 6296 
1 6332 
1 6338 
1 6364 
1 6376 
1 6377 
1 6380 
1 6384 
1 6389 
1 6414 
1 6449 
1 6469 
1 6470 
1 6474 
1 6488 
1 6521 
1 6524 
1 6558 
1 6559 
1 6568 
1 6573 
1 6583 
1 6593 
1 6598 
1 6606 
1 6626 
1 6657 
1 6673 
1 6696 
1 6700 
1 6710 
1 6711 
1 6732 
1 6734 
1 6766 
1 6780 
1 6788 
1 6808 
1 6831 
1 6845 
1 6855 
1 6866 
1 6880 
1 6882 
1 6889 
1 6890 
1 6906 
1 6909 
1 6991 
1 6999 
1 7012 
1 7014 
1 7025 
1 7045 
1 7069 
1 7072 
1 7097 
1 7125 
1 7132 
1 7137 
1 7151 
1 7169 
1 7183 
1 7186 
1 7191 
1 7212 
1 7260 
1 7301 
1 7315 
1 7361 
1 7375 
1 7381 
1 7391 
1 7394 
1 7408 
1 7500 
1 7552 
1 7564 
1 7566 
1 7617 
1 7622 
1 7630 
1 7657 
1 7660 
1 7661 
1 7669 
1 7763 
1 7779 
1 7797 
1 7798 
1 7834 
1 7859 
1 7936 
1 7960 
1 8010 
1 8011 
1 8034 
1 8044 
1 8071 
1 8113 
1 8123 
1 8144 
1 8186 
1 8193 
1 8215 
1 8216 
1 8219 
1 8245 
1 8248 
1 8252 
1 9131 
1 9174 
1 9206 
1 9221 
1 9262 
1 9279 
1 9288 
1 9340 
1 9347 
1 9355 
1 9379 
1 9389 
1 9392 
1 9417 
1 9427 
1 9434 
1 9450 
1 9458 
1 9467 
1 9481 
1 9490 
1 9496 
1 9498 
1 9503 
1 9508 
1 9515 
1 9517 
1 9523 
1 9541 
1 9559 
1 9567 
1 9570 
1 9596 
1 9606 
1 9617 
1 9620 
1 9628 
1 9635 
1 9660 
1 9665 
1 9671 
1 9692 
1 9693 
1 9713 
1 9737 
1 9748 
1 9753 
1 9758 
1 9764 
1 9767 
1 9778 
1 9783 
1 9809 
1 9814 
1 9817 
1 9824 
1 9833 
1 9835 
1 9843 
1 9865 
1 9878 
1 9898 
1 9902 
1 9904 
1 9907 
1 9909 
1 9940 
1 9950 
1 9958 
1 9975 
1 9990 
1 9991 
1 9998 
1 10000 
1 10001 
1 10024 
1 10031 
1 10032 
1 10062 
1 10068 
1 10074 
1 10125 
1 10173 
1 10205 
1 10265 
1 10297 
1 10337 
1 10362 
1 10444 
1 10447 
1 10455 
1 10472 
1 10513 
1 10556 
1 10584 
1 10595 
1 10601 
1 10611 
1 10627 
1 10641 
1 10657 
1 10668 
1 10678 
1 10696 
1 10737 
1 10740 
1 10747 
1 10760 
1 10778 
1 10798 
1 10830 
1 10835 
1 10837 
1 10840 
1 10886 
1 10912 
1 10929 
1 10931 
1 10943 
1 10946 
1 10980 
1 11105 
1 11141 
1 11159 
1 11202 
1 11215 
1 11225 
1 11241 
1 11293 
1 11297 
1 11301 
1 11318 
1 11333 
1 11341 
1 11345 
1 11351 
1 11360 
1 11370 
1 11372 
1 11382 
1 11388 
1 11405 
1 11465 
1 11467 
1 11479 
1 11483 
1 11499 
1 11504 
1 11505 
1 11506 
1 11519 
1 11542 
1 11543 
1 11544 
1 11548 
1 11560 
1 11561 
1 11581 
1 11584 
1 11586 
1 11610 
1 11618 
1 11654 
1 11659 
1 11666 
1 11670 
1 11677 
1 11685 
1 11707 
1 11746 
1 11747 
1 11771 
1 11773 
1 11800 
1 11805 
1 11818 
1 11825 
1 11829 
1 11834 
1 11837 
1 11881 
1 11887 
1 11899 
1 11913 
1 11921 
1 11929 
1 11935 
1 11954 
1 11960 
1 11984 
1 12003 
1 12004 
1 12005 
1 12044 
1 12068 
1 12071 
1 12085 
1 12128 
1 12149 
1 12157 
1 12180 
1 12189 
1 12299 
1 12304 
1 12306 
1 12320 
1 12322 
1 12338 
1 12344 
1 12357 
1 12364 
1 12381 
1 12384 
1 12406 
1 12412 
1 12420 
1 12446 
1 12473 
1 12489 
1 12501 
1 12505 
1 12586 
1 12589 
1 12674 
1 12697 
1 12725 
1 12727 
1 12735 
1 12738 
1 12782 
1 12790 
1 12798 
1 12810 
1 12823 
1 12835 
1 12883 
1 12910 
1 12923 
1 12942 
1 12984 
1 12994 
1 12997 
1 13011 
1 13087 
1 13089 
1 13091 
1 13207 
1 13214 
1 13253 
1 13261 
1 13323 
1 13457 
1 13496 
1 13575 
1 13601 
1 13604 
1 13686 
1 13709 
1 13730 
1 13878 
1 13899 
1 13921 
1 13930 
1 13950 
1 13970 
1 14027 
1 14070 
1 14082 
1 14113 
1 14136 
1 14158 
1 14164 
1 14210 
1 14223 
1 14250 
1 14394 
1 14453 
1 14470 
1 14485 
1 14502 
1 14562 
1 14600 
1 14648 
1 14665 
1 14724 
1 14768 
1 14780 
1 14799 
1 14813 
1 14854 
1 14908 
1 14922 
1 14966 
1 14976 
1 15133 
1 15154 
1 15217 
1 15248 
1 15300 
1 15311 
1 15357 
1 15366 
1 15367 
1 15501 
1 15582 
1 15591 
1 15658 
