
strategic_region={
	id=276
	name="STRATEGICREGION_276"
	provinces={
		1129 1377 1541 1569 1898 1949 1983 2005 2036 2086 3989 4045 4299 4410 4459 4516 4571 4825 4943 4953 5002 5040 5055 5086 5096 5098 5157 7064 7080 7334 7938 8082 8114 9951 9973 10021 10332 10751 10794 10801 10807 10878 11955 11995 12137 12777 12786 12854 14943 14953 14958 14965 14993 15137 15139 15289 15293 15294 15299 15300 15301 15302 15303 15304 15354 15357 15387 15398 15403 15410 15415 15416 15422 15425 15430 
	}
	weather={
	}
}
